1636
59
60
81
102
6868
133
375790
183
231
240
259
284
51129
338
2909
567
9564
712
713
714
718
722
725
727
729
730
731
732
733
735
815
821
6347
6352
8900
1230
23607
916
920
4179
1604
966
968
941
975
925
998
629
3075
5199
1111
11200
1211
1191
80790
1277
1282
1284
1285
1286
1287
1291
1292
1293
1378
1379
1508
1509
58191
3576
3577
2833
643
1605
1612
1634
1674
1906
1910
1956
83939
9451
2023
2028
2033
2064
2195
2217
2247
2263
2335
2353
50943
1647
2934
2990
3002
1839
8340
8366
8290
3105
3108
3117
3119
3123
3162
3240
10855
7184
3309
3315
3383
3458
3500
3502
3503
3586
3593
3596
3553
3558
3559
3565
3567
3569
3611
3673
3675
3678
3683
3687
3688
3689
182
3725
3816
3845
284217
3908
3911
3912
3913
3915
3918
10319
3934
4010
4036
4043
4049
4061
84557
81631
4217
5594
1432
5595
5599
9261
4153
4157
4233
4288
4311
4313
4318
931
2475
4669
4758
4790
4843
4846
4851
4853
4868
7827
8828
4907
10609
5111
5155
56034
9601
64236
5175
5321
8398
22925
5327
5335
50640
5420
5551
5578
5579
5582
9317
5733
5742
5743
5788
5800
5829
5879
5970
5972
5979
387
6233
3921
6383
6401
5265
5054
6548
4087
4088
6648
6649
6667
6696
6775
11346
6890
7040
7042
7043
7045
7046
7049
7052
7076
7082
7094
7124
51330
7132
7133
7157
7225
1890
7345
7412
7414
7422
7431
79679
7448
7490
11244
22882
23051
